# unix_time, cycles_done, cur_path, paths_total, pending_total, pending_favs, map_size, unique_crashes, unique_hangs, max_depth, execs_per_sec
1557910286, 0, 0, 3, 3, 1, 0.15%, 0, 0, 1, 200.00
1557910291, 0, 0, 26, 26, 1, 0.43%, 1, 0, 2, 208.39
1557910297, 0, 0, 47, 47, 1, 0.48%, 1, 0, 2, 207.12
1557910302, 0, 0, 63, 63, 1, 0.49%, 1, 0, 2, 250.05
1557910307, 0, 0, 74, 74, 1, 0.50%, 1, 0, 2, 264.45
1557910312, 0, 0, 81, 81, 1, 0.53%, 1, 0, 2, 265.89
1557910317, 0, 0, 87, 87, 1, 0.55%, 1, 0, 2, 242.21
1557910322, 0, 0, 88, 88, 1, 0.56%, 1, 0, 2, 208.06
1557910328, 0, 0, 93, 93, 1, 0.56%, 1, 0, 2, 253.07
1557910333, 0, 0, 97, 97, 1, 0.56%, 1, 0, 2, 265.35
1557910338, 0, 0, 99, 99, 1, 0.56%, 1, 0, 2, 275.47
1557910343, 0, 0, 101, 101, 1, 0.56%, 1, 0, 2, 269.90
1557910348, 0, 0, 104, 104, 1, 0.56%, 1, 0, 2, 276.55
1557910353, 0, 0, 107, 107, 1, 0.58%, 1, 0, 2, 278.54
1557910359, 0, 0, 108, 108, 1, 0.58%, 1, 0, 2, 275.20
1557910364, 0, 0, 109, 109, 1, 0.58%, 1, 0, 2, 287.83
1557910369, 0, 0, 111, 111, 1, 0.58%, 1, 0, 2, 287.81
1557910379, 0, 0, 112, 112, 1, 0.58%, 1, 0, 2, 279.02
1557910385, 0, 0, 113, 113, 1, 0.58%, 1, 0, 2, 276.01
1557910395, 0, 0, 114, 114, 1, 0.58%, 1, 0, 2, 286.30
1557910415, 0, 0, 117, 117, 1, 0.59%, 1, 0, 2, 281.75
1557910420, 0, 3, 117, 116, 22, 0.59%, 1, 0, 2, 282.03
1557910425, 0, 9, 117, 115, 21, 0.59%, 1, 0, 2, 275.47
1557910430, 0, 9, 121, 119, 21, 0.60%, 1, 0, 3, 285.14
1557910436, 0, 9, 122, 120, 21, 0.60%, 1, 0, 3, 285.25
1557910446, 0, 9, 123, 121, 21, 0.60%, 1, 0, 3, 283.13
1557910451, 0, 9, 126, 124, 21, 0.60%, 1, 0, 3, 283.68
1557910456, 0, 9, 127, 125, 21, 0.60%, 1, 0, 3, 280.40
1557910466, 0, 9, 128, 126, 21, 0.60%, 1, 0, 3, 278.34
1557910471, 0, 9, 129, 127, 21, 0.60%, 1, 0, 3, 4.90
1557910497, 0, 9, 130, 128, 21, 0.60%, 1, 0, 3, 256.25
1557910518, 0, 9, 131, 129, 21, 0.60%, 1, 0, 3, 247.02
1557910533, 0, 9, 132, 130, 21, 0.60%, 1, 0, 3, 277.95
1557910538, 0, 9, 133, 131, 21, 0.60%, 1, 0, 3, 287.77
1557910548, 0, 9, 137, 135, 21, 0.60%, 1, 0, 3, 287.08
1557910559, 0, 24, 137, 134, 23, 0.60%, 1, 0, 3, 517.50
1557910564, 0, 39, 137, 132, 21, 0.60%, 1, 0, 3, 911.33
1557910569, 0, 41, 137, 130, 19, 0.60%, 1, 0, 3, 1021.44
1557910574, 0, 66, 138, 129, 17, 0.60%, 1, 0, 3, 1024.91
1557910579, 0, 66, 141, 132, 17, 0.60%, 1, 0, 3, 1015.34
1557910584, 0, 66, 142, 133, 17, 0.60%, 1, 0, 3, 1025.57
1557910589, 0, 66, 148, 139, 17, 0.61%, 1, 0, 3, 1045.19
1557910594, 0, 66, 150, 141, 17, 0.61%, 1, 0, 3, 1047.87
1557910599, 0, 66, 151, 142, 17, 0.61%, 1, 0, 3, 1038.12
1557910609, 0, 72, 151, 140, 16, 0.61%, 1, 0, 3, 1065.45
1557910614, 0, 79, 151, 139, 15, 0.61%, 1, 0, 3, 1026.37
1557910619, 0, 80, 152, 139, 14, 0.61%, 1, 0, 3, 1052.50
1557910624, 0, 80, 155, 142, 14, 0.61%, 1, 0, 3, 1067.19
1557910630, 0, 85, 156, 141, 15, 0.61%, 1, 0, 3, 1016.31
1557910635, 0, 87, 157, 141, 15, 0.61%, 1, 0, 3, 1036.59
1557910640, 0, 101, 166, 148, 20, 0.64%, 1, 0, 3, 1047.95
1557910645, 0, 104, 167, 148, 20, 0.76%, 1, 0, 3, 1060.60
1557910650, 0, 123, 172, 150, 21, 0.78%, 1, 0, 3, 1062.40
1557910655, 0, 137, 174, 151, 21, 0.78%, 1, 0, 4, 1034.43
1557910660, 0, 145, 177, 153, 20, 0.78%, 1, 0, 4, 1012.78
1557910665, 0, 145, 178, 154, 20, 0.78%, 1, 0, 4, 975.36
1557910670, 0, 145, 179, 155, 20, 0.78%, 1, 0, 4, 967.39
1557910675, 0, 145, 180, 156, 20, 0.78%, 1, 0, 4, 921.31
1557910680, 0, 145, 181, 157, 20, 0.79%, 1, 0, 4, 978.03
1557910685, 0, 145, 185, 161, 20, 0.79%, 1, 0, 4, 976.28
1557910695, 0, 145, 188, 164, 20, 0.79%, 1, 0, 4, 963.94
1557910701, 0, 146, 191, 166, 20, 0.79%, 1, 0, 4, 988.06
1557910706, 0, 146, 193, 168, 20, 0.79%, 1, 0, 4, 889.73
1557910711, 0, 146, 194, 169, 20, 0.79%, 1, 0, 4, 928.55
1557910716, 0, 146, 198, 173, 20, 0.79%, 1, 0, 4, 954.69
1557910721, 0, 146, 199, 174, 20, 0.79%, 1, 0, 4, 998.45
1557910731, 0, 146, 200, 175, 20, 0.79%, 1, 0, 4, 965.96
1557910736, 0, 146, 202, 177, 20, 0.79%, 1, 0, 4, 945.52
1557910741, 0, 151, 202, 176, 19, 0.79%, 1, 0, 4, 963.03
1557910746, 0, 153, 202, 175, 18, 0.79%, 1, 0, 4, 997.28
1557910756, 0, 153, 205, 178, 18, 0.79%, 1, 0, 4, 970.42
1557910761, 0, 153, 207, 180, 18, 0.79%, 1, 0, 4, 1001.92
1557910767, 0, 153, 208, 181, 18, 0.79%, 1, 0, 4, 1026.10
1557910777, 0, 153, 209, 182, 18, 0.79%, 1, 0, 4, 1024.22
1557910782, 0, 153, 211, 184, 18, 0.79%, 1, 0, 4, 1031.90
1557910787, 0, 154, 212, 184, 18, 0.79%, 1, 0, 4, 1035.45
1557910792, 0, 155, 215, 186, 17, 0.91%, 1, 0, 4, 32.10
1557910803, 0, 155, 217, 188, 17, 0.91%, 1, 0, 4, 1029.09
1557910813, 0, 155, 218, 189, 17, 0.92%, 1, 0, 4, 946.65
1557910818, 0, 157, 218, 188, 16, 0.92%, 1, 0, 4, 971.81
1557910823, 0, 157, 220, 190, 16, 0.92%, 1, 0, 4, 1006.27
1557910828, 0, 157, 221, 191, 16, 0.92%, 1, 0, 4, 1015.74
1557910843, 0, 160, 223, 192, 15, 0.92%, 1, 0, 4, 978.08
1557910848, 0, 161, 223, 191, 14, 0.92%, 1, 0, 4, 955.45
1557910854, 0, 162, 224, 191, 13, 0.92%, 1, 0, 4, 772.93
1557910859, 0, 163, 225, 191, 12, 0.92%, 1, 0, 4, 957.95
1557910864, 0, 166, 226, 191, 11, 0.92%, 1, 0, 4, 1019.93
1557910869, 0, 167, 228, 192, 10, 0.92%, 1, 0, 4, 997.12
1557910874, 0, 167, 229, 193, 10, 0.92%, 1, 0, 4, 985.51
1557910884, 0, 167, 230, 194, 10, 0.92%, 1, 0, 4, 777.33
1557910909, 0, 169, 231, 194, 9, 0.92%, 1, 0, 4, 893.50
1557910914, 0, 169, 233, 196, 9, 0.92%, 1, 0, 4, 961.52
1557910920, 0, 170, 234, 196, 8, 0.92%, 1, 0, 4, 1045.59
1557910925, 0, 170, 236, 198, 8, 0.97%, 1, 0, 4, 932.89
1557910930, 0, 170, 238, 200, 8, 0.97%, 1, 0, 4, 890.59
1557910935, 0, 170, 240, 202, 8, 0.98%, 1, 0, 4, 826.57
1557910940, 0, 170, 241, 203, 8, 0.98%, 1, 0, 4, 982.57
1557910945, 0, 170, 243, 205, 8, 0.98%, 1, 0, 4, 940.42
1557910955, 0, 172, 244, 205, 9, 0.99%, 1, 0, 4, 939.52
1557910960, 0, 172, 245, 206, 9, 0.99%, 1, 0, 5, 920.97
1557910965, 0, 173, 245, 205, 8, 0.99%, 1, 0, 5, 878.19
1557910970, 0, 173, 246, 206, 8, 0.99%, 1, 0, 5, 971.15
1557910975, 0, 173, 247, 207, 8, 0.99%, 1, 0, 5, 902.76
1557910981, 0, 173, 248, 208, 8, 0.99%, 1, 0, 5, 943.32
1557910986, 0, 173, 249, 209, 8, 0.99%, 1, 0, 5, 782.97
1557910996, 0, 180, 249, 208, 8, 0.99%, 1, 0, 5, 841.28
1557911037, 0, 180, 252, 211, 8, 0.99%, 1, 0, 5, 888.99
1557911062, 0, 180, 253, 212, 8, 0.99%, 1, 0, 5, 879.63
1557911067, 0, 180, 254, 213, 8, 0.99%, 1, 0, 5, 115.78
1557911078, 0, 206, 258, 216, 7, 0.99%, 1, 0, 5, 762.80
1557911083, 0, 206, 259, 217, 7, 0.99%, 1, 0, 5, 967.72
1557911088, 0, 206, 260, 218, 7, 0.99%, 1, 0, 5, 925.46
1557911113, 0, 217, 261, 218, 6, 0.99%, 1, 0, 5, 1083.82
1557911118, 0, 235, 262, 218, 6, 0.99%, 1, 0, 5, 100.81
1557911129, 0, 238, 264, 219, 6, 0.99%, 1, 0, 5, 577.60
1557911134, 0, 238, 267, 222, 6, 0.99%, 1, 0, 5, 507.00
1557911139, 0, 246, 268, 222, 7, 0.99%, 1, 0, 5, 671.18
1557911144, 0, 246, 270, 224, 7, 0.99%, 1, 0, 6, 919.74
1557911149, 0, 246, 271, 225, 7, 0.99%, 1, 0, 6, 980.25
1557911180, 0, 256, 273, 226, 6, 0.99%, 1, 0, 6, 934.95
1557911185, 0, 256, 275, 228, 6, 0.99%, 1, 0, 6, 922.62
1557911200, 0, 256, 276, 229, 6, 0.99%, 1, 0, 6, 1029.55
1557911215, 0, 260, 277, 229, 6, 0.99%, 1, 0, 6, 1022.75
1557911220, 0, 260, 278, 230, 6, 0.99%, 1, 0, 6, 1038.55
1557911225, 0, 260, 280, 232, 6, 0.99%, 1, 0, 6, 991.28
1557911230, 0, 260, 281, 233, 6, 0.99%, 1, 0, 6, 993.82
1557911241, 0, 262, 284, 235, 5, 0.99%, 1, 0, 6, 971.56
1557911251, 0, 262, 285, 236, 5, 0.99%, 1, 0, 6, 511.59
1557911256, 0, 264, 285, 235, 4, 0.99%, 1, 0, 6, 608.22
1557911261, 0, 265, 286, 235, 3, 0.99%, 1, 0, 6, 143.34
1557911266, 0, 266, 286, 234, 2, 0.99%, 1, 0, 6, 68.04
1557911276, 0, 271, 286, 233, 1, 0.99%, 1, 0, 6, 606.08
1557911282, 0, 271, 287, 234, 1, 0.99%, 1, 0, 7, 909.89
1557911292, 1, 4, 288, 234, 0, 0.99%, 1, 0, 7, 837.72
1557911297, 1, 18, 288, 232, 0, 0.99%, 1, 0, 7, 745.37
1557911302, 1, 28, 288, 230, 0, 0.99%, 1, 0, 7, 935.66
1557911307, 1, 28, 289, 231, 0, 0.99%, 1, 0, 7, 914.29
1557911312, 1, 30, 290, 231, 0, 0.99%, 1, 0, 7, 937.23
1557911317, 1, 38, 290, 229, 0, 0.99%, 1, 0, 7, 983.80
1557911322, 1, 43, 290, 228, 0, 0.99%, 1, 0, 7, 960.68
1557911327, 1, 44, 290, 227, 0, 0.99%, 1, 0, 7, 971.00
1557911338, 1, 44, 293, 230, 0, 0.99%, 1, 0, 7, 989.92
1557911343, 1, 47, 293, 229, 0, 0.99%, 1, 0, 7, 948.43
1557911353, 1, 51, 293, 228, 0, 0.99%, 1, 0, 7, 811.32
1557911358, 1, 51, 294, 229, 0, 0.99%, 1, 0, 7, 777.76
1557911363, 1, 52, 294, 228, 0, 0.99%, 1, 0, 7, 719.03
1557911368, 1, 54, 295, 228, 0, 0.99%, 1, 0, 7, 957.61
1557911373, 1, 64, 296, 228, 0, 0.99%, 1, 0, 7, 904.91
1557911378, 1, 65, 296, 227, 0, 0.99%, 1, 0, 7, 986.91
1557911384, 1, 100, 297, 226, 0, 0.99%, 1, 0, 7, 991.48
1557911394, 1, 110, 297, 225, 0, 0.99%, 1, 0, 7, 892.24
1557911409, 1, 110, 301, 229, 0, 0.99%, 1, 0, 7, 802.52
1557911414, 1, 110, 303, 231, 0, 0.99%, 1, 0, 7, 817.83
1557911419, 1, 110, 304, 232, 0, 0.99%, 1, 0, 7, 892.71
1557911444, 1, 118, 304, 231, 0, 0.99%, 1, 0, 7, 896.98
1557911449, 1, 122, 304, 230, 0, 0.99%, 1, 0, 7, 814.95
1557911454, 1, 126, 304, 229, 0, 0.99%, 1, 0, 7, 943.98
1557911460, 1, 133, 304, 228, 0, 0.99%, 1, 0, 7, 989.04
1557911485, 1, 138, 304, 227, 0, 0.99%, 1, 0, 7, 730.52
1557911495, 1, 140, 304, 226, 0, 0.99%, 1, 0, 7, 807.85
1557911515, 1, 140, 305, 227, 0, 0.99%, 1, 0, 7, 960.29
1557911520, 1, 144, 305, 226, 0, 0.99%, 1, 0, 7, 981.83
1557911535, 1, 151, 305, 225, 0, 0.99%, 1, 0, 7, 997.07
1557911541, 1, 160, 305, 224, 0, 0.99%, 1, 0, 7, 1035.73
1557911546, 1, 167, 306, 224, 0, 0.99%, 1, 0, 7, 1048.80
1557911551, 1, 171, 306, 224, 0, 0.99%, 1, 0, 7, 1055.39
1557911556, 1, 179, 306, 223, 0, 0.99%, 1, 0, 7, 983.92
1557911582, 1, 180, 307, 223, 0, 0.99%, 1, 0, 7, 971.86
1557911587, 1, 190, 307, 223, 0, 0.99%, 1, 0, 7, 841.91
1557911602, 1, 190, 308, 224, 0, 0.99%, 1, 0, 7, 947.58
1557911607, 1, 190, 309, 225, 0, 0.99%, 1, 0, 7, 930.97
1557911612, 1, 190, 310, 226, 0, 0.99%, 1, 0, 7, 961.12
1557911627, 1, 191, 311, 226, 0, 0.99%, 1, 0, 7, 862.22
1557911648, 1, 192, 311, 225, 0, 0.99%, 1, 0, 7, 793.94
1557911668, 1, 193, 311, 224, 0, 0.99%, 1, 0, 7, 976.47
1557911688, 1, 194, 311, 223, 0, 0.99%, 1, 0, 7, 779.31
1557911714, 1, 197, 311, 222, 0, 0.99%, 1, 0, 7, 838.09
1557911749, 1, 197, 312, 223, 0, 0.99%, 1, 0, 7, 766.68
1557911754, 1, 197, 313, 224, 0, 0.99%, 1, 0, 7, 801.93
1557911769, 1, 197, 314, 225, 0, 0.99%, 1, 0, 7, 880.73
1557911775, 1, 198, 314, 224, 0, 0.99%, 1, 0, 7, 882.76
1557911795, 1, 200, 314, 223, 0, 0.99%, 1, 0, 7, 800.41
1557911830, 1, 202, 314, 222, 0, 0.99%, 1, 0, 7, 918.87
1557911846, 1, 202, 315, 223, 0, 0.99%, 1, 0, 7, 931.78
1557911851, 1, 202, 317, 225, 0, 0.99%, 1, 0, 7, 982.58
1557911861, 1, 202, 318, 226, 0, 0.99%, 1, 0, 7, 847.04
1557911871, 1, 203, 318, 225, 0, 0.99%, 1, 0, 7, 846.28
1557911887, 1, 203, 319, 226, 0, 0.99%, 1, 0, 7, 866.51
1557911897, 1, 208, 319, 225, 0, 0.99%, 1, 0, 7, 918.49
1557911912, 1, 211, 320, 225, 0, 0.99%, 1, 0, 7, 884.37
1557911917, 1, 212, 320, 224, 0, 0.99%, 1, 0, 7, 813.22
1557911922, 1, 216, 320, 223, 0, 0.99%, 1, 0, 7, 920.30
1557911927, 1, 222, 321, 223, 0, 0.99%, 1, 0, 7, 913.21
1557911932, 1, 225, 323, 224, 0, 0.99%, 1, 0, 7, 975.27
1557911937, 1, 225, 324, 225, 0, 0.99%, 1, 0, 7, 718.21
1557911942, 1, 229, 325, 225, 0, 0.99%, 1, 0, 7, 656.25
1557911952, 1, 229, 326, 226, 0, 0.99%, 1, 0, 7, 924.15
1557911957, 1, 229, 328, 228, 0, 0.99%, 1, 0, 7, 951.17
1557911962, 1, 229, 329, 229, 0, 0.99%, 1, 0, 7, 986.86
1557911968, 1, 229, 330, 230, 0, 0.99%, 1, 0, 7, 915.31
1557911988, 1, 231, 330, 229, 0, 0.99%, 1, 0, 7, 919.97
1557912018, 1, 232, 330, 228, 0, 0.99%, 1, 0, 7, 966.11
1557912023, 1, 237, 330, 227, 0, 0.99%, 1, 0, 7, 934.89
1557912028, 1, 237, 331, 228, 0, 0.99%, 1, 0, 7, 962.50
1557912033, 1, 237, 332, 229, 0, 0.99%, 1, 0, 7, 1001.55
1557912039, 1, 237, 334, 231, 0, 0.99%, 1, 0, 7, 1013.04
1557912064, 1, 239, 335, 231, 0, 0.99%, 1, 0, 7, 920.95
1557912084, 1, 244, 335, 230, 0, 0.99%, 1, 0, 7, 937.00
1557912094, 1, 244, 337, 232, 0, 0.99%, 1, 0, 7, 931.90
1557912109, 1, 244, 338, 233, 0, 0.99%, 1, 0, 7, 982.46
1557912115, 1, 247, 339, 233, 0, 0.99%, 1, 0, 7, 896.23
1557912135, 1, 247, 340, 234, 0, 0.99%, 1, 0, 7, 937.12
1557912140, 1, 249, 340, 233, 0, 0.99%, 1, 0, 7, 928.87
1557912186, 1, 249, 341, 234, 0, 0.99%, 1, 0, 7, 836.51
1557912191, 1, 249, 342, 235, 0, 0.99%, 1, 0, 7, 814.57
1557912206, 1, 253, 342, 234, 0, 0.99%, 1, 0, 7, 719.63
1557912252, 1, 253, 343, 235, 0, 0.99%, 1, 0, 7, 895.13
1557912262, 1, 258, 343, 234, 0, 0.99%, 1, 0, 7, 877.63
1557912267, 1, 258, 345, 236, 0, 0.99%, 1, 0, 7, 931.65
1557912277, 1, 258, 346, 237, 0, 0.99%, 1, 0, 7, 975.52
1557912298, 1, 260, 347, 237, 0, 0.99%, 1, 0, 7, 944.46
1557912303, 1, 272, 347, 237, 0, 0.99%, 1, 0, 7, 943.80
1557912308, 1, 272, 348, 238, 0, 0.99%, 1, 0, 7, 842.15
