# unix_time, cycles_done, cur_path, paths_total, pending_total, pending_favs, map_size, unique_crashes, unique_hangs, max_depth, execs_per_sec
1557942537, 0, 0, 3, 3, 1, 0.52%, 0, 0, 1, 114.29
1557942542, 0, 1, 44, 44, 1, 0.78%, 1, 0, 2, 251.89
1557942547, 0, 1, 58, 58, 1, 0.82%, 1, 0, 2, 267.40
1557942552, 0, 1, 67, 67, 1, 0.83%, 1, 0, 2, 299.24
1557942557, 0, 1, 74, 74, 1, 0.86%, 1, 0, 2, 299.04
1557942562, 0, 1, 80, 80, 1, 0.86%, 1, 0, 2, 307.21
1557942568, 0, 1, 83, 83, 1, 0.86%, 1, 0, 2, 285.09
1557942573, 0, 1, 84, 84, 1, 0.86%, 1, 0, 2, 285.14
1557942578, 0, 1, 89, 89, 1, 0.86%, 1, 0, 2, 289.90
1557942583, 0, 1, 91, 91, 1, 0.86%, 1, 0, 2, 291.18
1557942588, 0, 1, 92, 92, 1, 0.86%, 1, 0, 2, 311.19
1557942593, 0, 1, 94, 94, 1, 0.87%, 1, 0, 2, 319.90
1557942598, 0, 1, 98, 98, 1, 0.87%, 1, 0, 2, 306.84
1557942603, 0, 1, 99, 99, 1, 0.87%, 1, 0, 2, 304.16
1557942609, 0, 1, 101, 101, 1, 0.87%, 1, 0, 2, 305.97
1557942619, 0, 1, 102, 102, 1, 0.87%, 1, 0, 2, 307.99
1557942624, 0, 1, 103, 103, 1, 0.95%, 1, 0, 2, 266.23
1557942629, 0, 1, 104, 104, 1, 0.95%, 1, 0, 2, 289.95
1557942634, 0, 1, 106, 106, 1, 0.95%, 1, 0, 2, 299.80
1557942639, 0, 1, 107, 107, 1, 0.95%, 1, 0, 2, 307.48
1557942644, 0, 1, 108, 108, 1, 0.95%, 1, 0, 2, 316.48
1557942649, 0, 1, 109, 109, 1, 0.97%, 1, 0, 2, 319.00
1557942654, 0, 3, 110, 109, 20, 0.98%, 1, 0, 3, 305.69
1557942659, 0, 6, 113, 111, 20, 0.98%, 1, 0, 3, 329.83
1557942664, 0, 6, 114, 112, 20, 0.98%, 1, 0, 3, 342.42
1557942674, 0, 6, 115, 113, 20, 0.98%, 1, 0, 3, 330.33
1557942685, 0, 6, 116, 114, 20, 0.98%, 1, 0, 3, 336.27
1557942690, 0, 6, 117, 115, 20, 0.98%, 1, 0, 3, 337.70
1557942695, 0, 6, 118, 116, 20, 0.99%, 1, 0, 3, 335.63
1557942700, 0, 6, 120, 118, 20, 0.99%, 1, 0, 3, 337.24
1557942716, 0, 6, 121, 119, 20, 0.99%, 1, 0, 3, 343.56
1557942726, 0, 6, 122, 120, 20, 0.99%, 1, 0, 3, 342.18
1557942757, 0, 10, 122, 119, 20, 0.99%, 1, 0, 3, 323.58
1557942762, 0, 18, 123, 119, 19, 0.99%, 1, 0, 3, 359.74
1557942767, 0, 18, 124, 120, 19, 0.99%, 1, 0, 3, 359.39
1557942772, 0, 18, 125, 121, 19, 0.99%, 1, 0, 3, 325.77
1557942782, 0, 18, 128, 124, 19, 0.99%, 1, 0, 3, 332.32
1557942787, 0, 18, 129, 125, 19, 0.99%, 1, 0, 3, 348.43
1557942802, 0, 18, 130, 126, 19, 0.99%, 1, 0, 3, 364.46
1557942818, 0, 18, 131, 127, 19, 0.99%, 1, 0, 3, 362.90
1557942833, 0, 18, 132, 128, 19, 1.03%, 1, 0, 3, 365.19
1557942848, 0, 18, 133, 129, 19, 1.03%, 1, 0, 3, 233.33
1557942853, 0, 18, 135, 131, 19, 1.03%, 1, 0, 3, 215.65
1557942863, 0, 41, 135, 130, 20, 1.03%, 1, 0, 3, 238.10
1557942868, 0, 47, 135, 129, 19, 1.03%, 1, 0, 3, 299.32
1557942878, 0, 51, 135, 128, 18, 1.03%, 1, 0, 3, 355.83
1557942883, 0, 51, 137, 130, 18, 1.03%, 1, 0, 3, 489.29
1557942893, 0, 51, 138, 131, 18, 1.04%, 1, 0, 3, 377.34
1557942899, 0, 51, 139, 132, 18, 1.04%, 1, 0, 3, 488.92
1557942909, 0, 51, 141, 134, 18, 1.04%, 1, 0, 3, 521.76
1557942914, 0, 51, 143, 136, 18, 1.04%, 1, 0, 3, 483.76
1557942919, 0, 51, 145, 138, 18, 1.04%, 1, 0, 3, 466.45
1557942929, 0, 51, 146, 139, 18, 1.04%, 1, 0, 3, 462.64
1557942945, 0, 51, 148, 141, 18, 1.04%, 1, 0, 3, 473.81
1557942950, 0, 51, 149, 142, 18, 1.04%, 1, 0, 3, 458.40
1557942955, 0, 51, 150, 143, 18, 1.04%, 1, 0, 3, 483.19
1557942970, 0, 51, 151, 144, 18, 1.04%, 1, 0, 3, 472.35
1557942980, 0, 52, 152, 144, 20, 1.04%, 1, 0, 3, 568.45
1557942991, 0, 57, 153, 144, 20, 1.04%, 1, 0, 3, 451.99
1557943001, 0, 73, 160, 149, 18, 1.54%, 1, 0, 3, 361.74
1557943006, 0, 75, 191, 179, 35, 1.89%, 1, 0, 3, 391.33
1557943011, 0, 82, 192, 179, 54, 1.89%, 1, 0, 3, 605.18
1557943021, 0, 93, 195, 181, 53, 1.90%, 1, 0, 3, 486.82
1557943026, 0, 93, 207, 193, 53, 1.93%, 1, 0, 3, 528.16
1557943031, 0, 108, 223, 208, 62, 3.73%, 1, 0, 3, 459.01
1557943036, 0, 108, 225, 210, 62, 3.73%, 1, 0, 3, 399.75
1557943041, 0, 108, 230, 215, 62, 3.75%, 1, 0, 3, 370.66
1557943046, 0, 108, 231, 216, 62, 3.75%, 1, 0, 3, 367.28
1557943051, 0, 108, 232, 217, 62, 3.75%, 1, 0, 3, 363.78
1557943056, 0, 108, 233, 218, 62, 3.75%, 1, 0, 3, 354.49
1557943062, 0, 108, 234, 219, 62, 3.75%, 1, 0, 3, 362.69
1557943067, 0, 108, 236, 221, 62, 3.75%, 1, 0, 3, 359.42
1557943072, 0, 108, 237, 222, 62, 3.76%, 1, 0, 3, 355.36
1557943082, 0, 108, 238, 223, 62, 3.76%, 1, 0, 3, 348.03
1557943088, 0, 108, 239, 224, 62, 3.76%, 1, 0, 3, 353.15
1557943093, 0, 108, 242, 227, 62, 3.76%, 1, 0, 3, 360.27
1557943098, 0, 108, 244, 229, 62, 3.76%, 1, 0, 3, 342.79
1557943103, 0, 108, 251, 236, 62, 3.76%, 1, 0, 3, 282.84
1557943118, 0, 108, 253, 238, 62, 3.76%, 1, 0, 3, 351.27
1557943123, 0, 108, 255, 240, 62, 3.76%, 1, 0, 3, 339.20
1557943133, 0, 110, 255, 239, 86, 3.76%, 1, 0, 3, 226.54
1557943138, 0, 115, 255, 238, 85, 3.76%, 1, 0, 3, 484.66
1557943159, 0, 117, 259, 241, 84, 3.76%, 1, 0, 4, 430.27
1557943164, 0, 117, 266, 248, 84, 3.77%, 1, 0, 4, 452.11
1557943169, 0, 126, 266, 247, 89, 3.77%, 1, 0, 4, 477.57
1557943174, 0, 136, 266, 246, 88, 3.77%, 1, 0, 4, 501.30
1557943195, 0, 136, 267, 247, 88, 3.77%, 1, 0, 4, 594.04
1557943200, 0, 146, 269, 248, 88, 3.77%, 1, 0, 4, 565.35
1557943251, 0, 146, 272, 251, 88, 3.77%, 1, 0, 4, 400.43
1557943256, 0, 146, 273, 252, 88, 3.77%, 1, 0, 4, 414.99
1557943266, 0, 146, 276, 255, 88, 3.77%, 1, 0, 4, 495.01
1557943287, 0, 146, 277, 256, 88, 3.77%, 1, 0, 4, 509.76
1557943297, 0, 146, 278, 257, 88, 3.77%, 1, 0, 4, 507.88
1557943302, 0, 146, 279, 258, 88, 3.77%, 1, 0, 4, 534.86
1557943317, 0, 148, 279, 257, 87, 3.77%, 1, 0, 4, 624.37
1557943332, 0, 148, 284, 262, 87, 3.77%, 1, 0, 4, 644.82
1557943343, 0, 148, 285, 263, 87, 3.77%, 1, 0, 4, 620.24
1557943348, 0, 153, 287, 264, 86, 3.77%, 1, 0, 4, 450.13
1557943353, 0, 153, 290, 267, 86, 3.77%, 1, 0, 4, 363.85
1557943358, 0, 153, 293, 270, 86, 3.78%, 1, 0, 4, 345.80
1557943363, 0, 153, 296, 273, 86, 3.78%, 1, 0, 4, 333.78
1557943368, 0, 153, 297, 274, 86, 3.78%, 1, 0, 4, 335.58
1557943373, 0, 153, 298, 275, 86, 3.78%, 1, 0, 4, 345.21
1557943378, 0, 153, 301, 278, 86, 3.78%, 1, 0, 4, 333.93
1557943383, 0, 153, 303, 280, 86, 3.78%, 1, 0, 4, 340.39
1557943394, 0, 153, 304, 281, 86, 3.78%, 1, 0, 4, 341.57
1557943399, 0, 153, 305, 282, 86, 3.78%, 1, 0, 4, 335.80
1557943409, 0, 153, 306, 283, 86, 3.78%, 1, 0, 4, 319.51
1557943419, 0, 153, 308, 285, 86, 3.80%, 1, 0, 4, 326.55
1557943424, 0, 154, 309, 285, 84, 3.80%, 1, 0, 4, 315.67
1557943429, 0, 154, 310, 286, 84, 3.80%, 1, 0, 4, 285.10
1557943434, 0, 154, 312, 288, 84, 3.80%, 1, 0, 4, 308.67
1557943444, 0, 154, 313, 289, 84, 3.80%, 1, 0, 4, 316.29
1557943454, 0, 154, 315, 291, 84, 3.80%, 1, 0, 4, 297.17
1557943460, 0, 154, 317, 293, 84, 3.80%, 1, 0, 4, 331.45
1557943465, 0, 154, 318, 294, 84, 3.80%, 1, 0, 4, 337.63
1557943475, 0, 154, 320, 296, 84, 3.80%, 1, 0, 4, 327.08
1557943480, 0, 154, 323, 299, 84, 3.80%, 1, 0, 4, 332.91
1557943495, 0, 154, 324, 300, 84, 3.80%, 1, 0, 4, 340.44
1557943500, 0, 154, 325, 301, 84, 3.80%, 1, 0, 4, 344.86
1557943526, 0, 155, 325, 300, 84, 3.80%, 1, 0, 4, 328.85
1557943531, 0, 156, 325, 299, 83, 3.80%, 1, 0, 4, 339.89
1557943536, 0, 156, 326, 300, 83, 3.80%, 1, 0, 4, 343.79
1557943541, 0, 157, 326, 299, 82, 3.80%, 1, 0, 4, 337.75
1557943547, 0, 157, 331, 304, 82, 3.80%, 1, 0, 4, 337.07
1557943552, 0, 157, 332, 305, 82, 3.80%, 1, 0, 4, 341.95
1557943557, 0, 157, 333, 306, 82, 3.80%, 1, 0, 4, 302.69
1557943562, 0, 157, 335, 308, 82, 3.80%, 1, 0, 4, 318.29
1557943577, 0, 157, 336, 309, 82, 3.80%, 1, 0, 4, 347.59
1557943598, 0, 157, 337, 310, 82, 3.81%, 1, 0, 4, 335.29
1557943608, 0, 157, 338, 311, 82, 3.81%, 1, 0, 4, 339.51
1557943618, 0, 157, 339, 312, 82, 3.81%, 1, 0, 4, 344.77
1557943624, 0, 157, 340, 313, 82, 3.81%, 1, 0, 4, 344.52
1557943629, 0, 157, 341, 314, 82, 3.81%, 1, 0, 4, 341.69
1557943634, 0, 157, 342, 315, 82, 3.81%, 1, 0, 4, 347.64
1557943639, 0, 157, 343, 316, 82, 3.81%, 1, 0, 4, 353.62
1557943644, 0, 160, 343, 314, 78, 3.81%, 1, 0, 4, 378.39
1557943649, 0, 161, 343, 313, 77, 3.81%, 1, 0, 4, 329.21
1557943654, 0, 161, 344, 314, 77, 3.81%, 1, 0, 4, 328.27
1557943659, 0, 163, 344, 313, 76, 3.81%, 1, 0, 4, 330.76
1557943664, 0, 164, 345, 313, 75, 3.81%, 1, 0, 4, 354.31
1557943669, 0, 165, 348, 315, 74, 3.81%, 1, 0, 4, 327.05
1557943674, 0, 165, 349, 316, 74, 3.81%, 1, 0, 4, 331.86
1557943685, 0, 166, 349, 315, 72, 3.81%, 1, 0, 4, 342.38
1557943690, 0, 167, 350, 315, 71, 3.81%, 1, 0, 4, 343.25
1557943695, 0, 168, 350, 314, 70, 3.81%, 1, 0, 4, 324.25
1557943700, 0, 169, 351, 314, 70, 3.81%, 1, 0, 4, 343.52
1557943705, 0, 169, 354, 317, 70, 3.84%, 1, 0, 4, 338.49
1557943710, 0, 169, 355, 318, 70, 3.84%, 1, 0, 4, 338.62
1557943721, 0, 169, 358, 321, 70, 3.84%, 1, 0, 4, 346.01
1557943726, 0, 169, 359, 322, 70, 3.84%, 1, 0, 4, 340.63
1557943731, 0, 169, 362, 325, 70, 3.84%, 1, 0, 4, 352.21
1557943746, 0, 169, 365, 328, 70, 3.84%, 1, 0, 4, 329.89
1557943751, 0, 169, 367, 330, 70, 3.84%, 1, 0, 4, 353.75
1557943756, 0, 169, 368, 331, 70, 3.84%, 1, 0, 4, 158.42
1557943772, 0, 169, 369, 332, 70, 3.84%, 1, 0, 4, 329.29
1557943777, 0, 169, 370, 333, 70, 3.84%, 1, 0, 4, 308.50
1557943802, 0, 170, 371, 333, 71, 3.84%, 1, 0, 4, 354.64
1557943808, 0, 172, 371, 331, 69, 3.84%, 1, 0, 4, 425.16
1557943813, 0, 173, 375, 334, 68, 3.85%, 1, 0, 4, 381.31
1557943818, 0, 173, 376, 335, 68, 3.85%, 1, 0, 4, 366.81
1557943823, 0, 173, 378, 337, 68, 3.85%, 1, 0, 4, 356.83
1557943828, 0, 173, 381, 340, 68, 3.85%, 1, 0, 4, 356.75
1557943833, 0, 173, 382, 341, 68, 3.85%, 1, 0, 4, 357.53
1557943838, 0, 173, 384, 343, 68, 3.86%, 1, 0, 4, 358.40
1557943858, 0, 173, 385, 344, 68, 3.86%, 1, 0, 4, 358.51
1557943864, 0, 173, 386, 345, 68, 3.86%, 1, 0, 4, 362.34
1557943879, 0, 173, 387, 346, 68, 3.86%, 1, 0, 4, 344.48
1557943899, 0, 173, 388, 347, 68, 3.86%, 1, 0, 4, 363.68
1557943904, 0, 176, 388, 346, 70, 3.86%, 1, 0, 4, 394.40
1557943909, 0, 178, 388, 344, 68, 3.86%, 1, 0, 4, 424.94
1557943914, 0, 179, 394, 349, 68, 3.89%, 1, 0, 4, 371.56
1557943920, 0, 180, 403, 357, 71, 3.95%, 1, 0, 4, 343.22
1557943925, 0, 180, 405, 359, 71, 3.95%, 1, 0, 4, 362.51
1557943930, 0, 180, 407, 361, 71, 3.96%, 1, 0, 4, 352.96
1557943940, 0, 180, 410, 364, 71, 3.98%, 1, 0, 4, 332.87
1557943945, 0, 180, 412, 366, 71, 3.98%, 1, 0, 4, 341.41
1557943955, 0, 180, 414, 368, 71, 3.98%, 1, 0, 4, 357.00
1557943960, 0, 180, 415, 369, 71, 3.98%, 1, 0, 4, 355.13
1557943965, 0, 180, 417, 371, 71, 3.98%, 1, 0, 4, 363.25
1557943970, 0, 180, 420, 374, 71, 3.98%, 1, 0, 4, 357.00
1557943975, 0, 180, 421, 375, 71, 3.98%, 1, 0, 4, 350.92
1557943980, 0, 180, 424, 378, 71, 3.98%, 1, 0, 4, 360.38
1557943985, 0, 180, 426, 380, 71, 3.98%, 1, 0, 4, 354.25
1557943996, 0, 180, 428, 382, 71, 4.00%, 1, 0, 4, 354.51
1557944006, 0, 180, 429, 383, 71, 4.00%, 1, 0, 4, 353.18
1557944016, 0, 185, 431, 383, 71, 4.01%, 1, 0, 4, 400.71
1557944021, 0, 185, 432, 384, 71, 4.01%, 1, 0, 4, 378.96
1557944026, 0, 188, 433, 383, 72, 4.01%, 1, 0, 4, 426.76
1557944031, 0, 191, 433, 381, 70, 4.01%, 1, 0, 4, 507.49
1557944041, 0, 191, 434, 382, 70, 4.01%, 1, 0, 4, 510.49
1557944046, 0, 192, 434, 381, 69, 4.01%, 1, 0, 4, 543.34
1557944051, 0, 192, 435, 382, 69, 4.01%, 1, 0, 4, 657.86
1557944056, 0, 192, 436, 383, 69, 4.01%, 1, 0, 4, 535.44
1557944061, 0, 192, 438, 385, 69, 4.01%, 1, 0, 4, 418.15
1557944067, 0, 192, 439, 386, 69, 4.02%, 1, 0, 4, 418.53
1557944072, 0, 192, 440, 387, 69, 4.02%, 1, 0, 4, 315.69
1557944112, 0, 192, 441, 388, 69, 4.02%, 1, 0, 4, 437.27
1557944118, 0, 200, 441, 387, 66, 4.02%, 1, 0, 4, 576.02
1557944123, 0, 201, 442, 387, 65, 4.02%, 1, 0, 4, 593.81
1557944128, 0, 203, 443, 387, 64, 4.02%, 1, 0, 4, 569.28
1557944133, 0, 204, 443, 386, 63, 4.02%, 1, 0, 4, 595.86
1557944138, 0, 204, 444, 387, 63, 4.02%, 1, 0, 4, 516.50
1557944143, 0, 210, 445, 387, 63, 4.02%, 1, 0, 4, 388.28
1557944148, 0, 212, 445, 386, 62, 4.02%, 1, 0, 4, 350.57
1557944153, 0, 212, 446, 387, 62, 4.02%, 1, 0, 4, 356.89
1557944158, 0, 212, 447, 388, 62, 4.02%, 1, 0, 4, 361.45
1557944163, 0, 225, 448, 388, 61, 4.02%, 1, 0, 4, 372.40
1557944168, 0, 225, 458, 398, 61, 4.04%, 1, 0, 4, 41.47
1557944173, 0, 225, 462, 402, 61, 4.09%, 1, 0, 4, 369.17
1557944178, 0, 225, 464, 404, 61, 4.09%, 1, 0, 4, 369.18
1557944183, 0, 225, 467, 407, 61, 4.09%, 1, 0, 4, 375.09
1557944189, 0, 225, 468, 408, 61, 4.09%, 1, 0, 4, 377.28
1557944194, 0, 225, 469, 409, 61, 4.09%, 1, 0, 4, 387.50
1557944199, 0, 225, 473, 413, 61, 4.09%, 1, 0, 4, 366.71
1557944204, 0, 225, 476, 416, 61, 4.09%, 1, 0, 4, 358.18
1557944209, 0, 225, 478, 418, 61, 4.09%, 1, 0, 4, 378.27
1557944214, 0, 225, 480, 420, 61, 4.09%, 1, 0, 4, 381.09
1557944219, 0, 225, 481, 421, 61, 4.09%, 1, 0, 4, 321.49
1557944224, 0, 225, 483, 423, 61, 4.09%, 1, 0, 4, 299.85
1557944239, 0, 226, 487, 426, 67, 4.10%, 1, 0, 4, 502.87
1557944244, 0, 229, 489, 427, 67, 4.10%, 1, 0, 4, 558.59
1557944249, 0, 229, 490, 428, 67, 4.10%, 1, 0, 4, 441.87
1557944254, 0, 229, 492, 430, 67, 4.10%, 1, 0, 4, 400.33
1557944265, 0, 229, 493, 431, 67, 4.11%, 1, 0, 4, 409.67
1557944270, 0, 229, 494, 432, 67, 4.11%, 1, 0, 4, 401.90
1557944280, 0, 229, 496, 434, 67, 4.11%, 1, 0, 4, 401.78
1557944305, 0, 229, 497, 435, 67, 4.11%, 1, 0, 4, 400.94
1557944310, 0, 232, 497, 434, 72, 4.11%, 1, 0, 4, 633.96
1557944316, 0, 232, 498, 435, 72, 4.11%, 1, 0, 4, 554.07
1557944321, 0, 232, 503, 440, 72, 4.11%, 1, 0, 4, 453.56
1557944331, 0, 232, 506, 443, 72, 4.11%, 1, 0, 4, 428.86
1557944336, 0, 232, 507, 444, 72, 4.11%, 1, 0, 4, 426.81
1557944341, 0, 232, 509, 446, 72, 4.11%, 1, 0, 4, 423.36
1557944346, 0, 232, 511, 448, 72, 4.11%, 1, 0, 4, 430.50
1557944351, 0, 232, 512, 449, 72, 4.11%, 1, 0, 4, 418.44
1557944361, 0, 237, 512, 448, 71, 4.11%, 1, 0, 4, 497.00
1557944366, 0, 238, 525, 460, 70, 4.32%, 1, 0, 4, 506.52
1557944376, 0, 242, 527, 461, 79, 4.32%, 1, 0, 4, 548.71
1557944387, 0, 242, 528, 462, 79, 4.32%, 1, 0, 4, 359.65
1557944392, 0, 251, 528, 461, 77, 4.32%, 1, 0, 4, 435.42
1557944397, 0, 260, 528, 460, 76, 4.32%, 1, 0, 4, 512.22
1557944402, 0, 260, 529, 461, 76, 4.32%, 1, 0, 5, 476.62
1557944407, 0, 263, 535, 466, 75, 4.32%, 1, 0, 5, 509.61
1557944412, 0, 263, 538, 469, 75, 4.32%, 1, 0, 5, 440.08
1557944422, 0, 263, 539, 470, 75, 4.32%, 1, 0, 5, 423.74
1557944427, 0, 263, 541, 472, 75, 4.32%, 1, 0, 5, 421.99
1557944432, 0, 263, 542, 473, 75, 4.32%, 1, 0, 5, 418.56
1557944437, 0, 263, 543, 474, 75, 4.32%, 1, 0, 5, 413.88
1557944442, 0, 263, 545, 476, 75, 4.32%, 1, 0, 5, 405.93
1557944452, 0, 263, 546, 477, 75, 4.32%, 1, 0, 5, 397.84
1557944458, 0, 263, 547, 478, 75, 4.32%, 1, 0, 5, 416.86
1557944468, 0, 266, 547, 477, 75, 4.32%, 1, 0, 5, 594.25
1557944493, 0, 266, 548, 478, 75, 4.32%, 1, 0, 5, 529.70
1557944503, 0, 290, 548, 477, 74, 4.32%, 1, 0, 5, 577.20
1557944508, 0, 291, 548, 476, 73, 4.32%, 1, 0, 5, 450.11
1557944513, 0, 291, 558, 486, 73, 4.34%, 1, 0, 5, 410.31
1557944518, 0, 291, 559, 487, 73, 4.34%, 1, 0, 5, 386.38
1557944529, 0, 291, 560, 488, 73, 4.34%, 1, 0, 5, 382.16
1557944539, 0, 291, 564, 492, 73, 4.34%, 1, 0, 5, 364.02
1557944544, 0, 291, 565, 493, 73, 4.34%, 1, 0, 5, 355.70
1557944549, 0, 291, 566, 494, 73, 4.34%, 1, 0, 5, 368.66
1557944554, 0, 291, 567, 495, 73, 4.34%, 1, 0, 5, 373.40
1557944569, 0, 291, 568, 496, 73, 4.34%, 1, 0, 5, 349.83
1557944579, 0, 291, 569, 497, 73, 4.34%, 1, 0, 5, 375.62
1557944584, 0, 291, 570, 498, 73, 4.34%, 1, 0, 5, 376.67
1557944594, 0, 291, 571, 499, 73, 4.34%, 1, 0, 5, 378.86
1557944600, 0, 291, 572, 500, 73, 4.34%, 1, 0, 5, 378.97
1557944605, 0, 296, 581, 508, 74, 4.43%, 1, 0, 5, 363.34
1557944610, 0, 296, 583, 510, 74, 4.43%, 1, 0, 5, 374.10
1557944615, 0, 296, 584, 511, 74, 4.43%, 1, 0, 5, 374.00
1557944620, 0, 296, 586, 513, 74, 4.43%, 1, 0, 5, 367.68
1557944625, 0, 296, 589, 516, 74, 4.43%, 1, 0, 5, 356.61
1557944640, 0, 296, 590, 517, 74, 4.43%, 1, 0, 5, 350.23
1557944650, 0, 296, 591, 518, 74, 4.43%, 1, 0, 5, 366.36
1557944655, 0, 296, 594, 521, 74, 4.43%, 1, 0, 5, 360.38
1557944665, 0, 296, 595, 522, 74, 4.43%, 1, 0, 5, 372.32
1557944676, 0, 300, 595, 521, 77, 4.43%, 1, 0, 5, 334.90
1557944681, 0, 307, 596, 521, 76, 4.43%, 1, 0, 5, 266.37
1557944686, 0, 307, 598, 523, 76, 4.50%, 1, 0, 5, 275.60
1557944696, 0, 310, 599, 523, 77, 4.50%, 1, 0, 5, 310.11
1557944701, 0, 310, 602, 526, 77, 4.50%, 1, 0, 5, 333.78
1557944706, 0, 310, 603, 527, 77, 4.50%, 1, 0, 5, 351.41
1557944711, 0, 310, 604, 528, 77, 4.50%, 1, 0, 5, 358.32
1557944716, 0, 310, 605, 529, 77, 4.50%, 1, 0, 5, 356.13
1557944731, 0, 310, 607, 531, 77, 4.50%, 1, 0, 5, 350.62
1557944757, 0, 310, 608, 532, 77, 4.50%, 1, 0, 5, 362.74
1557944762, 0, 310, 609, 533, 77, 4.50%, 1, 0, 5, 366.20
1557944768, 0, 316, 614, 537, 75, 4.50%, 1, 1, 5, 339.68
1557944773, 0, 316, 631, 554, 75, 4.52%, 1, 1, 5, 369.81
1557944778, 0, 316, 632, 555, 75, 4.52%, 1, 1, 5, 373.91
1557944788, 0, 316, 634, 557, 75, 4.52%, 1, 1, 5, 373.26
1557944803, 0, 316, 635, 558, 75, 4.52%, 1, 1, 5, 377.09
1557944819, 0, 316, 636, 559, 75, 4.52%, 1, 1, 5, 373.21
1557944824, 0, 316, 637, 560, 75, 4.52%, 1, 1, 5, 377.83
1557944839, 0, 331, 642, 564, 85, 4.52%, 1, 1, 5, 551.17
1557944849, 0, 331, 643, 565, 85, 4.52%, 1, 1, 5, 391.05
1557944854, 0, 353, 652, 573, 85, 4.59%, 1, 1, 5, 578.82
1557944860, 0, 353, 654, 575, 85, 4.62%, 1, 1, 5, 464.77
1557944870, 0, 353, 655, 576, 85, 4.62%, 1, 1, 5, 440.07
1557944875, 0, 353, 658, 579, 85, 4.62%, 1, 1, 5, 444.79
1557944880, 0, 353, 660, 581, 85, 4.63%, 1, 1, 5, 442.83
1557944916, 0, 355, 661, 581, 97, 4.63%, 1, 1, 5, 403.29
1557944921, 0, 361, 662, 581, 96, 4.63%, 1, 2, 5, 242.04
1557944926, 0, 361, 664, 583, 96, 4.63%, 1, 2, 5, 214.33
1557944931, 0, 361, 672, 591, 96, 4.63%, 1, 2, 5, 374.76
1557944936, 0, 361, 678, 597, 96, 4.63%, 1, 2, 5, 309.92
1557944941, 0, 361, 683, 602, 96, 4.64%, 1, 2, 5, 352.68
1557944946, 0, 361, 687, 606, 96, 4.64%, 1, 2, 5, 343.81
1557944951, 0, 361, 693, 612, 96, 4.64%, 1, 2, 5, 329.88
1557944956, 0, 361, 699, 618, 96, 4.68%, 1, 2, 5, 301.44
1557944961, 0, 361, 701, 620, 96, 4.68%, 1, 2, 5, 368.36
1557944967, 0, 361, 703, 622, 96, 4.68%, 1, 2, 5, 343.95
1557944972, 0, 361, 708, 627, 96, 4.68%, 1, 2, 5, 343.49
1557944977, 0, 361, 709, 628, 96, 4.68%, 1, 2, 5, 160.07
1557944982, 0, 361, 713, 632, 96, 4.68%, 1, 2, 5, 296.17
1557944987, 0, 361, 717, 636, 96, 4.68%, 1, 2, 5, 319.57
1557944992, 0, 361, 724, 643, 96, 4.68%, 1, 2, 5, 317.53
1557944997, 0, 361, 725, 644, 96, 4.68%, 1, 2, 5, 363.04
1557945002, 0, 361, 729, 648, 96, 4.68%, 1, 2, 5, 345.06
1557945007, 0, 363, 736, 654, 97, 4.69%, 1, 2, 5, 270.78
1557945012, 0, 363, 738, 656, 97, 4.69%, 1, 2, 5, 319.09
1557945018, 0, 363, 741, 659, 97, 4.69%, 1, 2, 5, 363.81
1557945023, 0, 363, 743, 661, 97, 4.69%, 1, 2, 5, 373.09
1557945028, 0, 363, 745, 663, 97, 4.69%, 1, 2, 5, 369.15
1557945033, 0, 363, 747, 665, 97, 4.69%, 1, 2, 5, 306.26
1557945043, 0, 363, 749, 667, 97, 4.69%, 1, 2, 5, 392.84
1557945048, 0, 363, 750, 668, 97, 4.69%, 1, 2, 5, 388.67
1557945053, 0, 363, 751, 669, 97, 4.69%, 1, 2, 5, 364.15
1557945063, 0, 363, 752, 670, 97, 4.69%, 1, 2, 5, 378.35
1557945068, 0, 363, 754, 672, 97, 4.69%, 1, 2, 5, 376.56
1557945073, 0, 363, 755, 673, 97, 4.69%, 1, 2, 5, 374.43
1557945079, 0, 363, 757, 675, 97, 4.69%, 1, 2, 5, 370.09
1557945084, 0, 363, 758, 676, 97, 4.69%, 1, 2, 5, 381.47
1557945094, 0, 363, 759, 677, 97, 4.69%, 1, 2, 5, 381.44
1557945099, 0, 363, 760, 678, 97, 4.69%, 1, 2, 5, 384.54
1557945104, 0, 371, 761, 678, 95, 4.69%, 1, 2, 5, 387.93
1557945109, 0, 376, 761, 677, 94, 4.69%, 1, 2, 5, 520.87
1557945114, 0, 376, 763, 679, 94, 4.69%, 1, 2, 5, 493.56
1557945129, 0, 381, 763, 678, 93, 4.69%, 1, 2, 5, 485.38
1557945134, 0, 381, 764, 679, 93, 4.70%, 1, 2, 5, 439.00
1557945139, 0, 381, 765, 680, 93, 4.70%, 1, 2, 5, 413.51
1557945144, 0, 381, 766, 681, 93, 4.70%, 1, 2, 5, 408.58
1557945175, 0, 382, 767, 681, 93, 4.70%, 1, 2, 5, 361.44
1557945180, 0, 382, 768, 682, 93, 4.70%, 1, 2, 5, 368.40
1557945185, 0, 382, 769, 683, 93, 4.70%, 1, 2, 5, 369.39
1557945190, 0, 382, 770, 684, 93, 4.70%, 1, 2, 5, 365.68
1557945200, 0, 382, 771, 685, 93, 4.70%, 1, 2, 5, 369.95
1557945205, 0, 382, 772, 686, 93, 4.72%, 1, 2, 5, 359.26
1557945215, 0, 382, 773, 687, 93, 4.72%, 1, 2, 5, 355.58
1557945230, 0, 382, 774, 688, 93, 4.72%, 1, 2, 5, 304.49
1557945246, 0, 382, 775, 689, 93, 4.72%, 1, 2, 5, 346.34
1557945256, 0, 382, 777, 691, 93, 4.74%, 1, 2, 5, 356.58
1557945261, 0, 382, 779, 693, 93, 4.74%, 1, 2, 5, 351.01
1557945266, 0, 382, 780, 694, 93, 4.74%, 1, 2, 5, 352.29
1557945271, 0, 386, 781, 694, 97, 4.74%, 1, 2, 5, 418.87
1557945276, 0, 386, 782, 695, 97, 4.74%, 1, 2, 5, 389.89
1557945281, 0, 388, 782, 694, 96, 4.74%, 1, 2, 5, 459.70
1557945286, 0, 388, 783, 695, 96, 4.74%, 1, 2, 5, 406.18
1557945291, 0, 388, 784, 696, 96, 4.74%, 1, 2, 5, 378.85
1557945301, 0, 389, 789, 700, 95, 4.79%, 1, 2, 5, 335.33
1557945311, 0, 391, 789, 699, 96, 4.79%, 1, 2, 5, 354.05
1557945316, 0, 391, 790, 700, 96, 4.79%, 1, 2, 5, 361.87
1557945326, 0, 392, 790, 699, 95, 4.79%, 1, 2, 5, 342.58
1557945332, 0, 392, 791, 700, 95, 4.79%, 1, 2, 5, 303.71
1557945337, 0, 397, 792, 700, 94, 4.79%, 1, 2, 5, 302.25
1557945342, 0, 397, 793, 701, 94, 4.79%, 1, 2, 5, 352.43
1557945347, 0, 398, 794, 701, 93, 4.79%, 1, 2, 5, 357.52
1557945352, 0, 398, 795, 702, 93, 4.79%, 1, 2, 5, 352.35
1557945362, 0, 399, 795, 701, 92, 4.79%, 1, 2, 5, 346.72
1557945367, 0, 405, 798, 703, 91, 4.79%, 1, 2, 5, 299.38
1557945372, 0, 405, 801, 706, 91, 4.79%, 1, 2, 5, 353.46
1557945382, 0, 405, 802, 707, 91, 4.79%, 1, 2, 5, 357.54
1557945393, 0, 405, 803, 708, 91, 4.79%, 1, 2, 5, 362.67
1557945403, 0, 405, 805, 710, 91, 4.79%, 1, 2, 5, 321.76
1557945408, 0, 405, 806, 711, 91, 4.79%, 1, 2, 5, 345.90
1557945418, 0, 405, 807, 712, 91, 4.80%, 1, 2, 5, 356.56
1557945423, 0, 409, 809, 713, 91, 4.80%, 1, 2, 5, 354.63
1557945428, 0, 409, 810, 714, 91, 4.80%, 1, 2, 5, 367.48
1557945433, 0, 409, 811, 715, 91, 4.80%, 1, 2, 5, 362.25
1557945449, 0, 414, 811, 714, 90, 4.80%, 1, 2, 5, 331.11
1557945459, 0, 420, 816, 718, 89, 4.80%, 1, 2, 5, 403.13
1557945464, 0, 423, 816, 717, 88, 4.80%, 1, 2, 5, 476.31
1557945474, 0, 423, 817, 718, 88, 4.80%, 1, 2, 5, 632.87
1557945479, 0, 423, 818, 719, 88, 4.80%, 1, 2, 5, 509.83
1557945500, 0, 423, 819, 720, 88, 4.81%, 1, 2, 5, 491.16
1557945505, 0, 423, 820, 721, 88, 4.81%, 1, 2, 5, 456.74
1557945530, 0, 427, 820, 720, 88, 4.81%, 1, 2, 5, 361.92
1557945535, 0, 427, 821, 721, 88, 4.81%, 1, 2, 5, 357.48
1557945540, 0, 429, 821, 720, 87, 4.81%, 1, 2, 5, 359.23
1557945551, 0, 430, 822, 720, 86, 4.81%, 1, 2, 5, 377.47
1557945566, 0, 430, 823, 721, 86, 4.81%, 1, 2, 5, 336.46
1557945571, 0, 430, 824, 722, 86, 4.81%, 1, 2, 5, 326.50
1557945591, 0, 430, 825, 723, 86, 4.81%, 1, 2, 5, 97.18
1557945607, 0, 438, 825, 722, 85, 4.81%, 1, 2, 5, 362.83
1557945617, 0, 438, 826, 723, 85, 4.81%, 1, 2, 5, 614.15
1557945622, 0, 438, 830, 727, 85, 4.81%, 1, 2, 5, 493.71
1557945627, 0, 438, 831, 728, 85, 4.81%, 1, 2, 5, 459.73
1557945652, 0, 438, 833, 730, 85, 4.81%, 1, 2, 5, 451.05
1557945662, 0, 438, 834, 731, 85, 4.82%, 1, 2, 5, 456.76
1557945673, 0, 443, 834, 730, 85, 4.82%, 1, 2, 5, 572.09
1557945683, 0, 443, 836, 732, 85, 4.82%, 1, 2, 5, 470.63
1557945688, 0, 443, 838, 734, 85, 4.82%, 1, 2, 5, 441.78
1557945718, 0, 443, 839, 735, 85, 4.82%, 1, 2, 5, 433.51
1557945734, 0, 443, 840, 736, 85, 4.82%, 1, 2, 5, 446.23
1557945739, 0, 447, 845, 740, 85, 4.82%, 1, 2, 5, 309.61
1557945744, 0, 447, 847, 742, 85, 4.82%, 1, 2, 5, 363.57
1557945769, 0, 451, 851, 745, 84, 4.82%, 1, 2, 5, 391.36
1557945779, 0, 451, 853, 747, 84, 4.82%, 1, 2, 5, 324.47
1557945794, 0, 451, 855, 749, 84, 4.82%, 1, 2, 5, 374.60
1557945800, 0, 451, 856, 750, 84, 4.82%, 1, 2, 5, 379.05
1557945810, 0, 451, 857, 751, 84, 4.82%, 1, 2, 5, 376.44
1557945820, 0, 455, 861, 754, 83, 4.82%, 1, 2, 5, 428.61
1557945825, 0, 455, 864, 757, 83, 4.82%, 1, 2, 5, 415.79
1557945855, 0, 459, 866, 758, 83, 4.82%, 1, 2, 5, 442.72
1557945866, 0, 459, 867, 759, 83, 4.82%, 1, 2, 5, 456.06
1557945871, 0, 459, 868, 760, 83, 4.82%, 1, 2, 5, 440.70
1557945896, 0, 459, 869, 761, 83, 4.82%, 1, 2, 5, 433.86
1557945901, 0, 459, 870, 762, 83, 4.82%, 1, 2, 5, 430.24
1557945906, 0, 459, 871, 763, 83, 4.82%, 1, 2, 5, 426.55
1557945916, 0, 461, 871, 762, 84, 4.82%, 1, 2, 5, 429.68
1557945921, 0, 461, 874, 765, 84, 4.84%, 1, 2, 5, 349.49
1557945927, 0, 461, 876, 767, 84, 4.84%, 1, 2, 5, 378.08
1557945962, 0, 461, 877, 768, 84, 4.84%, 1, 2, 5, 365.79
1557945973, 0, 461, 878, 769, 84, 4.84%, 1, 2, 5, 375.94
1557945988, 0, 466, 878, 768, 84, 4.84%, 1, 2, 5, 493.95
1557946008, 0, 474, 878, 767, 83, 4.84%, 1, 2, 5, 657.20
1557946018, 0, 474, 880, 769, 83, 4.84%, 1, 2, 5, 554.56
1557946028, 0, 474, 881, 770, 83, 4.84%, 1, 2, 5, 507.26
1557946034, 0, 474, 882, 771, 83, 4.84%, 1, 2, 5, 497.52
1557946049, 0, 474, 883, 772, 83, 4.84%, 1, 2, 5, 497.22
1557946059, 0, 474, 884, 773, 83, 4.84%, 1, 2, 5, 496.35
1557946069, 0, 488, 884, 772, 83, 4.84%, 1, 2, 5, 513.46
1557946079, 0, 489, 886, 773, 82, 4.84%, 1, 2, 5, 495.67
1557946084, 0, 489, 887, 774, 82, 4.84%, 1, 2, 5, 429.21
1557946095, 0, 489, 889, 776, 82, 4.84%, 1, 2, 5, 421.34
1557946110, 0, 489, 890, 777, 82, 4.84%, 1, 2, 5, 411.14
1557946160, 0, 492, 891, 777, 82, 4.84%, 1, 2, 5, 493.47
1557946171, 0, 492, 892, 778, 82, 4.84%, 1, 2, 5, 397.35
1557946181, 0, 492, 894, 780, 82, 4.84%, 1, 2, 5, 394.97
1557946206, 0, 492, 895, 781, 82, 4.84%, 1, 2, 5, 399.98
1557946211, 0, 512, 895, 780, 81, 4.84%, 1, 2, 5, 94.36
1557946221, 0, 512, 896, 781, 81, 4.85%, 1, 2, 5, 152.55
1557946242, 0, 513, 896, 780, 81, 4.85%, 1, 2, 5, 186.90
1557946252, 0, 513, 897, 781, 81, 4.85%, 1, 2, 5, 45.16
1557946262, 0, 513, 898, 782, 81, 4.85%, 1, 2, 5, 245.53
1557946273, 0, 514, 898, 781, 81, 4.85%, 1, 2, 5, 205.72
1557946283, 0, 514, 900, 783, 81, 4.86%, 1, 2, 5, 121.35
1557946303, 0, 525, 900, 782, 82, 4.86%, 1, 2, 5, 141.91
1557946319, 0, 545, 900, 781, 81, 4.86%, 1, 2, 5, 535.34
1557946334, 0, 548, 900, 780, 81, 4.86%, 1, 2, 5, 454.71
1557946349, 0, 553, 904, 783, 80, 4.86%, 1, 2, 6, 70.27
1557946354, 0, 553, 912, 791, 80, 4.86%, 1, 2, 6, 460.78
1557946359, 0, 553, 916, 795, 80, 4.86%, 1, 2, 6, 148.95
1557946370, 0, 555, 918, 796, 78, 4.86%, 1, 2, 6, 269.59
1557946380, 0, 555, 920, 798, 78, 4.86%, 1, 2, 6, 377.76
1557946395, 0, 555, 921, 799, 78, 4.86%, 1, 2, 6, 373.81
1557946405, 0, 555, 922, 800, 78, 4.86%, 1, 2, 6, 369.47
1557946421, 0, 555, 923, 801, 78, 4.86%, 1, 2, 6, 380.07
1557946426, 0, 555, 924, 802, 78, 4.86%, 1, 2, 6, 370.67
1557946436, 0, 555, 925, 803, 78, 4.86%, 1, 2, 6, 373.12
1557946457, 0, 555, 926, 804, 78, 4.86%, 1, 2, 6, 363.44
1557946462, 0, 559, 930, 807, 78, 4.86%, 1, 2, 6, 456.89
1557946477, 0, 559, 931, 808, 78, 4.86%, 1, 2, 6, 394.93
1557946482, 0, 559, 932, 809, 78, 4.86%, 1, 2, 6, 401.28
1557946497, 0, 559, 933, 810, 78, 4.86%, 1, 2, 6, 382.42
1557946502, 0, 559, 934, 811, 78, 4.86%, 1, 2, 6, 400.20
1557946517, 0, 559, 936, 813, 78, 4.86%, 1, 2, 6, 401.75
1557946528, 0, 563, 943, 819, 79, 4.90%, 1, 2, 6, 62.74
1557946533, 0, 563, 948, 824, 79, 4.90%, 1, 2, 6, 148.97
1557946538, 0, 563, 955, 831, 79, 4.90%, 1, 2, 6, 52.63
1557946543, 0, 563, 963, 839, 79, 4.90%, 1, 2, 6, 39.24
1557946558, 0, 569, 963, 838, 80, 4.90%, 1, 2, 6, 523.66
1557946568, 0, 573, 965, 839, 80, 4.90%, 1, 2, 6, 352.59
1557946573, 0, 573, 966, 840, 80, 4.90%, 1, 2, 6, 369.03
1557946589, 0, 576, 967, 840, 79, 4.90%, 1, 2, 6, 389.20
1557946594, 0, 576, 969, 842, 79, 4.90%, 1, 2, 6, 385.75
1557946604, 0, 576, 970, 843, 79, 4.90%, 1, 2, 6, 374.48
1557946624, 0, 576, 971, 844, 79, 4.90%, 1, 2, 6, 348.32
1557946676, 0, 589, 978, 850, 79, 4.90%, 1, 3, 6, 49.48
1557946681, 0, 589, 980, 852, 79, 4.91%, 1, 4, 6, 398.63
1557946686, 0, 589, 982, 854, 79, 4.91%, 1, 4, 6, 330.98
1557946696, 0, 589, 984, 856, 79, 4.91%, 1, 4, 6, 367.12
1557946701, 0, 589, 985, 857, 79, 4.91%, 1, 4, 6, 318.35
1557946717, 0, 589, 986, 858, 79, 4.91%, 1, 4, 6, 346.12
1557946722, 0, 589, 988, 860, 79, 4.91%, 1, 4, 6, 378.08
1557946727, 0, 589, 989, 861, 79, 4.91%, 1, 4, 6, 398.06
1557946732, 0, 589, 990, 862, 79, 4.91%, 1, 4, 6, 404.03
1557946737, 0, 589, 991, 863, 79, 4.91%, 1, 4, 6, 405.34
1557946742, 0, 589, 992, 864, 79, 4.91%, 1, 4, 6, 405.33
1557946747, 0, 589, 993, 865, 79, 4.91%, 1, 4, 6, 396.17
1557946768, 0, 596, 993, 864, 84, 4.91%, 1, 4, 6, 29.91
1557946773, 0, 596, 994, 865, 84, 4.91%, 1, 4, 6, 16.02
1557946778, 0, 596, 996, 867, 84, 4.91%, 1, 4, 6, 191.99
1557946783, 0, 596, 997, 868, 84, 4.91%, 1, 4, 6, 305.44
1557946788, 0, 596, 999, 870, 84, 4.91%, 1, 4, 6, 294.09
1557946793, 0, 596, 1000, 871, 84, 4.91%, 1, 4, 6, 164.18
1557946799, 0, 596, 1001, 872, 84, 4.91%, 1, 4, 6, 273.08
1557946804, 0, 596, 1002, 873, 84, 4.91%, 1, 4, 6, 345.55
1557946814, 0, 596, 1003, 874, 84, 4.91%, 1, 4, 6, 310.77
1557946824, 0, 596, 1004, 875, 84, 4.91%, 1, 4, 6, 265.05
1557946829, 0, 596, 1005, 876, 84, 4.91%, 1, 4, 6, 316.93
1557946845, 0, 596, 1006, 877, 84, 4.91%, 1, 4, 6, 315.36
1557946850, 0, 596, 1008, 879, 84, 4.91%, 1, 4, 6, 312.36
1557946860, 0, 596, 1009, 880, 84, 4.91%, 1, 4, 6, 299.08
1557946865, 0, 596, 1010, 881, 84, 4.91%, 1, 4, 6, 286.61
1557946870, 0, 596, 1012, 883, 84, 4.91%, 1, 4, 6, 346.45
1557946881, 0, 596, 1014, 885, 84, 4.91%, 1, 4, 6, 293.38
1557946891, 0, 597, 1014, 884, 83, 4.91%, 1, 4, 6, 372.30
