# unix_time, cycles_done, cur_path, paths_total, pending_total, pending_favs, map_size, unique_crashes, unique_hangs, max_depth, execs_per_sec
1557737609, 0, 0, 1, 1, 1, 0.08%, 0, 0, 1, 666.67
1557737614, 0, 0, 23, 23, 1, 0.20%, 1, 0, 2, 1205.51
1557737619, 0, 0, 24, 24, 1, 0.20%, 1, 0, 2, 937.25
1557737624, 0, 0, 25, 25, 1, 0.20%, 1, 0, 2, 596.63
1557737629, 0, 0, 26, 26, 1, 0.20%, 1, 0, 2, 743.80
1557737639, 0, 0, 27, 27, 1, 0.20%, 1, 0, 2, 1024.71
1557737649, 0, 3, 28, 26, 10, 0.20%, 1, 0, 3, 853.19
1557737655, 0, 12, 28, 24, 8, 0.20%, 1, 0, 3, 921.70
1557737660, 0, 14, 28, 23, 7, 0.20%, 1, 0, 3, 953.59
1557737665, 0, 15, 33, 27, 6, 0.20%, 1, 0, 3, 1006.98
1557737680, 0, 15, 34, 28, 6, 0.21%, 1, 0, 3, 983.98
1557737685, 0, 15, 35, 29, 6, 0.21%, 1, 0, 3, 988.62
1557737700, 0, 16, 35, 28, 8, 0.21%, 1, 0, 3, 1139.44
1557737705, 0, 16, 36, 29, 8, 0.21%, 1, 0, 3, 1218.89
1557737710, 0, 19, 36, 28, 8, 0.21%, 1, 0, 3, 1235.13
1557737716, 0, 21, 37, 27, 6, 0.21%, 1, 0, 3, 1147.20
1557737721, 0, 22, 37, 26, 5, 0.21%, 1, 0, 3, 1217.46
1557737726, 0, 29, 37, 25, 4, 0.21%, 1, 0, 3, 1348.36
1557737731, 0, 33, 38, 24, 2, 0.22%, 1, 0, 4, 1433.30
1557737736, 0, 37, 48, 33, 2, 0.32%, 1, 0, 5, 1431.13
1557737741, 0, 37, 50, 35, 2, 0.32%, 1, 0, 5, 1451.88
1557737756, 0, 38, 51, 35, 7, 0.32%, 1, 0, 5, 1464.97
1557737761, 0, 41, 58, 41, 6, 0.33%, 1, 0, 6, 1455.71
1557737766, 0, 41, 63, 46, 6, 0.34%, 1, 0, 6, 1356.95
1557737772, 0, 41, 65, 48, 6, 0.34%, 1, 0, 6, 1314.63
1557737777, 0, 41, 66, 49, 6, 0.34%, 1, 0, 6, 1363.91
1557737782, 0, 41, 67, 50, 6, 0.34%, 1, 0, 6, 1431.88
1557737787, 0, 49, 72, 53, 7, 0.36%, 1, 0, 6, 1444.60
1557737792, 0, 49, 79, 60, 7, 0.36%, 1, 0, 6, 1466.04
1557737797, 0, 49, 80, 61, 7, 0.36%, 1, 0, 6, 1429.55
1557737807, 0, 49, 81, 62, 7, 0.37%, 1, 0, 6, 1208.46
1557737812, 0, 54, 84, 64, 13, 0.38%, 1, 0, 7, 1342.04
1557737817, 0, 54, 90, 70, 13, 0.39%, 1, 0, 7, 1420.52
1557737822, 0, 54, 92, 72, 13, 0.39%, 1, 0, 7, 1459.81
1557737827, 0, 54, 93, 73, 13, 0.39%, 1, 0, 7, 1457.52
1557737832, 0, 54, 95, 75, 13, 0.39%, 1, 0, 7, 1454.75
1557737838, 0, 66, 96, 74, 16, 0.39%, 1, 0, 7, 1467.81
1557737843, 0, 68, 97, 74, 16, 0.39%, 1, 0, 7, 1446.88
1557737848, 0, 69, 98, 74, 15, 0.40%, 1, 0, 7, 1429.38
1557737853, 0, 70, 112, 87, 15, 0.42%, 1, 0, 7, 1433.40
1557737858, 0, 70, 117, 92, 15, 0.42%, 1, 0, 7, 1411.61
1557737863, 0, 70, 121, 96, 15, 0.43%, 1, 0, 7, 1454.09
1557737868, 0, 70, 123, 98, 15, 0.44%, 1, 0, 7, 1437.73
1557737873, 0, 71, 124, 98, 28, 0.44%, 1, 0, 7, 1420.56
1557737878, 0, 78, 125, 98, 27, 0.44%, 1, 0, 7, 1458.45
1557737883, 0, 80, 125, 96, 26, 0.44%, 1, 0, 7, 1436.37
1557737888, 0, 82, 125, 94, 24, 0.44%, 1, 0, 7, 1427.27
1557737893, 0, 82, 127, 96, 24, 0.44%, 1, 0, 8, 1462.46
1557737898, 0, 86, 127, 94, 23, 0.44%, 1, 0, 8, 1453.34
1557737904, 0, 89, 127, 92, 21, 0.44%, 1, 0, 8, 1473.51
1557737909, 0, 95, 128, 91, 19, 0.44%, 1, 0, 8, 1412.40
1557737914, 0, 95, 130, 93, 19, 0.45%, 1, 0, 8, 1459.19
1557737919, 0, 95, 132, 95, 19, 0.45%, 1, 0, 8, 1442.39
1557737924, 0, 95, 134, 97, 19, 0.45%, 1, 0, 8, 1457.68
1557737934, 0, 97, 134, 96, 21, 0.45%, 1, 0, 8, 1472.61
1557737939, 0, 98, 137, 98, 20, 0.45%, 1, 0, 8, 1445.89
1557737944, 0, 98, 139, 100, 20, 0.45%, 1, 0, 8, 1439.67
1557737954, 0, 98, 140, 101, 20, 0.45%, 1, 0, 8, 1420.15
1557737964, 0, 99, 141, 101, 21, 0.45%, 1, 0, 8, 1454.07
1557737970, 0, 100, 143, 102, 20, 0.45%, 1, 0, 8, 1443.05
1557737975, 0, 101, 144, 102, 19, 0.45%, 1, 0, 8, 1440.11
1557737980, 0, 101, 145, 103, 19, 0.45%, 1, 0, 8, 1386.79
1557737985, 0, 104, 145, 101, 17, 0.45%, 1, 0, 8, 1421.02
1557737990, 0, 104, 149, 105, 17, 0.45%, 1, 0, 8, 1447.55
1557737995, 0, 104, 151, 107, 17, 0.45%, 1, 0, 8, 1481.45
1557738005, 0, 104, 152, 108, 17, 0.45%, 1, 0, 8, 1444.84
1557738010, 0, 105, 152, 107, 17, 0.45%, 1, 0, 8, 1443.09
1557738016, 0, 106, 154, 108, 16, 0.45%, 1, 0, 8, 1450.73
1557738021, 0, 107, 154, 107, 15, 0.45%, 1, 0, 8, 1453.84
1557738026, 0, 115, 158, 109, 16, 0.46%, 1, 0, 8, 1477.18
1557738031, 0, 119, 158, 108, 15, 0.46%, 1, 0, 8, 1431.97
1557738036, 0, 120, 162, 111, 14, 0.46%, 1, 0, 8, 1438.51
1557738041, 0, 120, 165, 114, 14, 0.46%, 1, 0, 8, 1434.84
1557738046, 0, 120, 166, 115, 14, 0.46%, 1, 0, 8, 1441.74
1557738056, 0, 122, 168, 116, 14, 0.46%, 1, 0, 8, 1310.23
1557738061, 0, 126, 168, 115, 13, 0.46%, 1, 0, 8, 1250.83
1557738066, 0, 127, 169, 115, 12, 0.46%, 1, 0, 9, 1410.85
1557738071, 0, 129, 170, 115, 11, 0.46%, 1, 0, 9, 1404.28
1557738077, 0, 131, 170, 114, 10, 0.46%, 1, 0, 9, 1367.82
1557738082, 0, 131, 172, 116, 10, 0.46%, 1, 0, 9, 1448.08
1557738087, 0, 131, 173, 117, 10, 0.46%, 1, 0, 9, 1439.80
1557738097, 0, 139, 173, 115, 8, 0.46%, 1, 0, 9, 1467.95
1557738102, 0, 139, 174, 116, 8, 0.46%, 1, 0, 9, 1409.83
1557738107, 0, 154, 174, 114, 7, 0.46%, 1, 0, 9, 1450.87
1557738112, 0, 154, 176, 116, 7, 0.46%, 1, 0, 9, 1446.27
1557738117, 0, 154, 177, 117, 7, 0.46%, 1, 0, 9, 1450.12
1557738127, 0, 155, 177, 116, 6, 0.46%, 1, 0, 9, 1457.99
1557738133, 0, 156, 178, 116, 5, 0.46%, 1, 0, 9, 1427.71
1557738138, 0, 156, 180, 118, 5, 0.46%, 1, 0, 9, 1459.57
1557738143, 0, 156, 181, 119, 5, 0.46%, 1, 0, 9, 1421.92
1557738153, 0, 158, 181, 118, 4, 0.46%, 1, 0, 9, 1454.85
1557738158, 0, 158, 184, 121, 4, 0.46%, 1, 0, 9, 1456.34
1557738163, 0, 158, 186, 123, 4, 0.46%, 1, 0, 9, 1448.53
1557738173, 0, 173, 186, 121, 2, 0.46%, 1, 0, 9, 1494.22
1557738178, 0, 173, 188, 123, 2, 0.46%, 1, 0, 10, 1474.39
1557738189, 1, 12, 188, 120, 0, 0.46%, 1, 0, 10, 1436.53
1557738194, 1, 25, 188, 120, 0, 0.46%, 1, 0, 10, 1409.24
1557738199, 1, 50, 188, 119, 0, 0.46%, 1, 0, 10, 1445.40
1557738204, 1, 51, 188, 118, 0, 0.46%, 1, 0, 10, 1450.08
1557738209, 1, 54, 188, 117, 0, 0.46%, 1, 0, 10, 1437.28
1557738214, 1, 57, 188, 116, 0, 0.46%, 1, 0, 10, 1445.04
1557738219, 1, 64, 188, 115, 0, 0.46%, 1, 0, 10, 1416.81
1557738224, 1, 69, 188, 114, 0, 0.46%, 1, 0, 10, 1447.17
1557738230, 1, 72, 189, 115, 0, 0.46%, 1, 0, 10, 1438.79
1557738235, 1, 73, 190, 115, 0, 0.46%, 1, 0, 10, 1448.43
1557738240, 1, 94, 192, 116, 0, 0.46%, 1, 0, 10, 1463.89
1557738250, 1, 103, 193, 116, 0, 0.46%, 1, 0, 10, 1431.75
1557738255, 1, 109, 193, 115, 0, 0.46%, 1, 0, 10, 1435.40
1557738260, 1, 109, 195, 117, 0, 0.46%, 1, 0, 10, 1438.63
1557738265, 1, 109, 196, 118, 0, 0.46%, 1, 0, 10, 1446.38
1557738270, 1, 124, 196, 117, 0, 0.46%, 1, 0, 10, 1425.65
1557738275, 1, 133, 196, 116, 0, 0.46%, 1, 0, 10, 1423.66
1557738285, 1, 142, 197, 116, 0, 0.47%, 1, 0, 10, 1437.34
1557738290, 1, 142, 198, 117, 0, 0.47%, 1, 0, 10, 1419.54
1557738295, 1, 142, 201, 120, 0, 0.47%, 1, 0, 10, 1422.15
1557738301, 1, 142, 202, 121, 0, 0.47%, 1, 0, 10, 1428.33
1557738306, 1, 142, 205, 124, 0, 0.47%, 1, 0, 10, 1440.25
1557738311, 1, 197, 207, 125, 2, 0.48%, 1, 0, 10, 1447.24
1557738321, 1, 197, 210, 128, 2, 0.48%, 1, 0, 10, 1429.57
1557738326, 1, 197, 211, 129, 2, 0.48%, 1, 0, 10, 1362.35
1557738336, 1, 201, 212, 129, 3, 0.48%, 1, 0, 10, 1425.77
1557738341, 1, 201, 216, 133, 3, 0.48%, 1, 0, 10, 1417.54
1557738357, 1, 201, 217, 134, 3, 0.48%, 1, 0, 10, 1407.85
1557738362, 1, 206, 217, 133, 3, 0.48%, 1, 0, 10, 1273.41
1557738367, 1, 206, 218, 134, 3, 0.48%, 1, 0, 11, 1366.01
1557738377, 1, 210, 218, 133, 2, 0.48%, 1, 0, 11, 1359.23
1557738387, 1, 214, 218, 132, 1, 0.48%, 1, 0, 11, 1401.63
1557738392, 1, 217, 218, 131, 0, 0.48%, 1, 0, 11, 1418.02
1557738402, 1, 217, 221, 134, 0, 0.48%, 1, 0, 12, 1373.02
1557738413, 1, 217, 222, 135, 0, 0.48%, 1, 0, 12, 1413.23
1557738418, 2, 7, 223, 135, 0, 0.48%, 1, 0, 12, 1415.38
1557738423, 2, 8, 223, 134, 0, 0.48%, 1, 0, 12, 1209.18
1557738428, 2, 13, 223, 133, 0, 0.48%, 1, 0, 12, 1342.27
1557738433, 2, 15, 223, 132, 0, 0.48%, 1, 0, 12, 1347.15
1557738438, 2, 23, 223, 132, 0, 0.48%, 1, 0, 12, 1390.78
1557738443, 2, 24, 223, 131, 0, 0.48%, 1, 0, 12, 1376.34
1557738448, 2, 31, 223, 130, 0, 0.48%, 1, 0, 12, 1428.36
1557738453, 2, 32, 224, 130, 0, 0.48%, 1, 0, 12, 1428.96
1557738459, 2, 43, 224, 129, 0, 0.48%, 1, 0, 12, 1447.97
1557738464, 2, 60, 226, 130, 0, 0.48%, 1, 0, 12, 1432.93
1557738469, 2, 76, 227, 130, 0, 0.48%, 1, 0, 12, 1435.61
1557738474, 2, 76, 229, 132, 0, 0.48%, 1, 0, 12, 1436.83
1557738479, 2, 77, 229, 131, 0, 0.48%, 1, 0, 12, 1447.82
1557738489, 2, 90, 229, 130, 0, 0.48%, 1, 0, 12, 1423.33
1557738494, 2, 97, 229, 128, 0, 0.48%, 1, 0, 12, 1419.16
1557738499, 2, 111, 230, 129, 0, 0.48%, 1, 0, 12, 1444.21
1557738504, 2, 116, 230, 128, 0, 0.48%, 1, 0, 12, 1441.48
1557738509, 2, 118, 230, 127, 0, 0.48%, 1, 0, 12, 1435.66
1557738514, 2, 120, 230, 126, 0, 0.48%, 1, 0, 12, 1454.18
1557738519, 2, 132, 230, 126, 0, 0.48%, 1, 0, 12, 1436.46
1557738524, 2, 132, 231, 127, 0, 0.48%, 1, 0, 12, 1420.12
1557738529, 2, 132, 234, 130, 0, 0.48%, 1, 0, 12, 1434.38
1557738534, 2, 132, 235, 131, 0, 0.48%, 1, 0, 12, 1414.62
1557738545, 2, 135, 235, 130, 0, 0.48%, 1, 0, 12, 1427.94
1557738550, 2, 137, 235, 129, 0, 0.48%, 1, 0, 12, 1447.35
1557738555, 2, 138, 236, 129, 0, 0.48%, 1, 0, 12, 1456.84
1557738560, 2, 140, 236, 129, 0, 0.48%, 1, 0, 12, 1445.90
1557738565, 2, 143, 237, 129, 0, 0.48%, 1, 0, 12, 1430.01
1557738570, 2, 143, 238, 130, 0, 0.48%, 1, 0, 12, 1435.36
1557738575, 2, 146, 238, 129, 0, 0.48%, 1, 0, 12, 1373.23
1557738580, 2, 146, 239, 130, 0, 0.48%, 1, 0, 12, 1425.41
1557738585, 2, 148, 239, 129, 0, 0.48%, 1, 0, 12, 1401.17
1557738596, 2, 159, 239, 128, 0, 0.48%, 1, 0, 12, 1434.41
1557738601, 2, 159, 240, 129, 0, 0.48%, 1, 0, 12, 1405.91
1557738606, 2, 164, 240, 128, 0, 0.48%, 1, 0, 12, 1400.71
1557738616, 2, 164, 241, 129, 0, 0.48%, 1, 0, 12, 1402.32
1557738621, 2, 170, 241, 128, 0, 0.48%, 1, 0, 12, 1406.14
1557738626, 2, 170, 244, 131, 0, 0.48%, 1, 0, 12, 1433.38
1557738637, 2, 170, 245, 132, 0, 0.48%, 1, 0, 12, 1460.15
1557738642, 2, 174, 245, 131, 0, 0.48%, 1, 0, 12, 1405.43
1557738647, 2, 174, 247, 133, 0, 0.48%, 1, 0, 12, 1421.67
1557738652, 2, 174, 248, 134, 0, 0.48%, 1, 0, 12, 1428.08
1557738662, 2, 182, 249, 134, 0, 0.48%, 1, 0, 12, 1439.96
1557738672, 2, 182, 251, 136, 0, 0.48%, 1, 0, 12, 1430.01
1557738677, 2, 182, 252, 137, 0, 0.48%, 1, 0, 12, 1418.35
1557738682, 2, 182, 253, 138, 0, 0.48%, 1, 0, 12, 1450.98
1557738687, 2, 203, 253, 137, 0, 0.48%, 1, 0, 12, 1408.53
1557738702, 2, 208, 253, 136, 0, 0.48%, 1, 0, 12, 1421.38
1557738713, 2, 208, 254, 137, 0, 0.48%, 1, 0, 12, 1461.29
1557738718, 2, 208, 255, 138, 0, 0.48%, 1, 0, 12, 1456.20
1557738723, 2, 208, 257, 140, 0, 0.48%, 1, 0, 12, 1439.93
1557738728, 2, 209, 257, 139, 0, 0.48%, 1, 0, 12, 1431.10
1557738743, 2, 212, 257, 138, 0, 0.48%, 1, 0, 12, 1428.22
1557738753, 2, 219, 257, 137, 0, 0.48%, 1, 0, 12, 1401.22
1557738779, 2, 219, 258, 138, 0, 0.48%, 1, 0, 13, 1404.58
1557738784, 2, 219, 259, 139, 0, 0.48%, 1, 0, 13, 1416.44
1557738799, 2, 225, 259, 138, 0, 0.48%, 1, 0, 13, 982.71
1557739159, 2, 225, 260, 139, 0, 0.48%, 1, 0, 13, 981.10
1557739164, 2, 231, 260, 138, 0, 0.48%, 1, 0, 13, 1311.20
1557739174, 2, 231, 263, 141, 0, 0.48%, 1, 0, 13, 1357.42
1557739185, 2, 231, 264, 142, 0, 0.48%, 1, 0, 13, 1363.77
1557739190, 2, 232, 264, 141, 0, 0.48%, 1, 0, 13, 1261.94
1557739270, 2, 232, 265, 142, 0, 0.48%, 1, 0, 13, 866.77
